9071325418
9448159306
8951119954
8095393206
9480365064
9663407650
9845157922
8073279551
8317328618
9845713310
8197624936
9880966884
7795265596
9448176278
9535209902
9986913591
9743131508
8147736416
9844225725
9844478002
8861614136
7023880606
9742188934
9110699765
98445೦61೦8
8971154507
7259810621
8088179838 , 9591343982
9901796165
9835872793 , 7870064008
9902751465
8861129331
8088179838 , 9591343982
9901796165
9902468580
9739564018
9535907103
9164193966
9741023494
9448588159
9901346885
9108661577
7899057481
9916099486
9380285929
7019343015
9482665501
8147548554
6364070951
8971460594
7795338889
9482157308
9886531390
9108194033
6360302214
7760912470
9741608887
7349527206
7349527206
9880430550
9449238998
7676668013
9945001721
7892254153
9740010525
8497077342
9148239082
6363714556
9493115308
9731422709
8277623695
7996571105
9481984663
8861544749
9241011660
8073116807
9353371677
9739911809
9191414562
8970825796
9449335890
9663377187
9449586035
9035601273
6362419400
9108096982 , 9481934918
7022486949
8197226368
7353988374
9741646781
9740229959
9663337075
9565095669
8618674353
8660519433
9741680954
9901050905
9901871854
8277680979
9972592134
7899846323
9663164616
9740476011
9611334055
9448912717
8884021678
7338228452
9901270827
7022377335
8547175149 , 9947320414
9591172912
9591080262
9742163621
9449365437
9590911934
9606750488
9481309163
8971078467
9900602401
9353371387
9995441438
8197937743
9448647030
9966446741
9731424672
9321023148
9591747535
7760015571
9449430821
7349099430
9945610135
9591529097
9448844629
9741501813
9620558863
9620558863
9535425410
9538532258
8431362720
9902459221
7760990434
8861245887
9620419337
8861544749
9242207109
9916108043
944977318೦
8310400447
8310140624
8310514351
8553193355
9880323240
9880302311
9449767025
8197417481
9008250030
6362065961
9481309163
7676676176
9632979106
9481753224
9902399896
8722757507
9008819552
9113605685
9611349571
9686918147
9663242270
9741133428
9740540536
9741332731
9886591126
6360196075
7619145895
9663818692
9986685733
9986037283
8123779679
9164318961
9481747658
9481668243
9606169026
7338016700
9731509796
9945065770
8310708619
9035345741
8904075855
9480345550
8904732669
9948181522
9686527812
7259276863
9060678162
9353913143
9481252400
9964127585
9164927126
9113605685
9901201418
9060379513
9481452855
9008874552
9980882776
8310137367
8884995017
9538556516
9448402477
9448607168
7760171008
6361186584
6362493805
9845289037
9448643121
9449830692
6360082441
9972711316
9845613535
9740633813
9844204747 , 9880413838
9902702030
7090862924
9483558641
8088266504
7353176163
8618746292
9900378956
9731938541
9538532258
9449851716
9448224565
9447547067
6363604697
7338599828
8431513373
9902989340
8970089855
9686790390
9902356440
9900618485
7483924289
6363622025
9972554249
9901482506
8105339597
9844998863
7019990997 , 9740010980
9620379977
9901898728
9113631355
9844107910
9663593887
8317331727 , 9741811969
9945756548
9844485685
9481661767
7349398954
9990034643
9108096982
9845890072
9449779906
9611147106
9945560576
9448889128
9972739642
9108797525
8660625974
6363440186
9620259417
9902264775
8762295768
9742236641
7411810734
9449910847
7022230083
9019893021
7483880659
9743902066
8050411807
9686465441
7353469005
8867522336
9019207100
8861088824
9980929599
9632357487
9886372029
9480095894
8553756142
9663181893
8431114663
9901335196
9880276320
9880327790
7892821928
8152823890
9945222374
9482615872
8150091899
9686161667
6281447857
8050026277
9972787816
8762295768
8762295768
9019093313
9945058704
8660327231 , 9019602130
9686646402
9972319472
7411618141
9844885537
6361353070
8792224259
9241112588
9686918147
9663242270
9741133428
9731384417
8884031481
9741384267
6362032234
9449954448
9632426824
8792190780
8105196556
9845026752
9611759298
9008976170
7022498915
9632544980
9886723898
7909843288
9900156032
9108096982
9900792031
9972253604
6363088013
8690539610
7349729657
9448297001
9980149022
9740599724
7349064609
9972492925
9620335881 , 8073667542
9787525611
9845265187
9881607455
9972253604
8660327875
6362067429
9686146501
9902637343
6363449110
9380206021
8971006323
8095999949
9731585031
9902637343
8618134494
8095821074
9611283430
9448643121